Linux 2.6.32-5-686 (ragnarok) 	10/07/2011 	_i686_	(2 CPU)

08:07:51 PM kbmemfree kbmemused  %memused kbbuffers  kbcached  kbcommit   %commit  kbactive   kbinact
08:07:52 PM    670532   1394916     67.54    188828   1080360    304248      6.27    417544    902104
08:07:53 PM    670532   1394916     67.54    188828   1080360    304248      6.27    417544    902104
08:07:54 PM    670532   1394916     67.54    188828   1080360    304248      6.27    417544    902104
08:07:55 PM    670532   1394916     67.54    188828   1080360    304248      6.27    417544    902104
08:07:56 PM    670532   1394916     67.54    188828   1080360    304248      6.27    417544    902104
08:07:57 PM    670532   1394916     67.54    188836   1080360    304248      6.27    417544    902104
08:07:58 PM    670532   1394916     67.54    188836   1080360    304248      6.27    417544    902112
08:07:59 PM    670532   1394916     67.54    188836   1080360    304248      6.27    417544    902112
08:08:00 PM    670532   1394916     67.54    188836   1080360    304248      6.27    417544    902112
08:08:01 PM    670532   1394916     67.54    188836   1080360    304248      6.27    417544    902112
Average:       670532   1394916     67.54    188832   1080360    304248      6.27    417544    902107
